[array([[ 484, 2025],
       [ 490, 2024],
       [ 493, 2023],
       [ 498, 1885],
       [ 498, 1904],
       [ 498, 1907],
       [ 499, 1022],
       [ 499, 1026],
       [ 502, 1022],
       [ 502, 1871],
       [ 502, 1914],
       [ 503, 1859],
       [ 505, 1022],
       [ 506, 1862],
       [ 508,  983],
       [ 508,  986],
       [ 510, 1027],
       [ 510, 1940],
       [ 512, 1839],
       [ 514,  996],
       [ 514, 1020],
       [ 515,  990],
       [ 515, 1026],
       [ 517, 1807],
       [ 517, 1814],
       [ 519,  992],
       [ 519, 1024],
       [ 520, 1027],
       [ 522, 1019],
       [ 522, 1029],
       [ 523,  995],
       [ 525, 1032],
       [ 528, 2016],
       [ 529, 1029],
       [ 532,  997],
       [ 532, 1001],
       [ 532, 1728],
       [ 534, 1028],
       [ 534, 1035],
       [ 535,  999],
       [ 537,  997],
       [ 537, 1031],
       [ 538, 1040],
       [ 539, 1032],
       [ 540,  994],
       [ 542, 1044],
       [ 542, 1797],
       [ 543,  992],
       [ 544, 1000],
       [ 546,  999],
       [ 547,  997],
       [ 547, 1025],
       [ 547, 1038],
       [ 548, 1027],
       [ 549, 1023],
       [ 551, 1038],
       [ 552, 1028],
       [ 553, 1014],
       [ 553, 1685],
       [ 555, 1011],
       [ 556, 1018],
       [ 556, 1026],
       [ 556, 1035],
       [ 557, 1022],
       [ 557, 1030],
       [ 558,  990],
       [ 558, 1004],
       [ 558, 1017],
       [ 558, 1658],
       [ 558, 2178],
       [ 559, 1000],
       [ 560,  996],
       [ 561, 1010],
       [ 562,  990],
       [ 562,  993],
       [ 564,  987],
       [ 564, 1001],
       [ 564, 1004],
       [ 564, 1007],
       [ 564, 1044],
       [ 564, 1046],
       [ 565,  993],
       [ 565, 1633],
       [ 566,  999],
       [ 569,  997],
       [ 569, 1025],
       [ 570,  992],
       [ 570, 1029],
       [ 570, 1041],
       [ 570, 1055],
       [ 570, 1194],
       [ 571, 1201],
       [ 573, 1200],
       [ 575, 1043],
       [ 576, 1057],
       [ 576, 1548],
       [ 577, 1161],
       [ 577, 1207],
       [ 578, 1044],
       [ 578, 1049],
       [ 578, 1061],
       [ 579, 1024],
       [ 580,  999],
       [ 580, 1028],
       [ 580, 1053],
       [ 581, 1044],
       [ 582,  996],
       [ 582, 1011],
       [ 582, 1015],
       [ 583, 1054],
       [ 584, 1048],
       [ 584, 1059],
       [ 584, 1989],
       [ 592, 1613],
       [ 594, 1061],
       [ 594, 1066],
       [ 595, 1445],
       [ 596, 1647],
       [ 598, 1063],
       [ 598, 1586],
       [ 599, 1054],
       [ 600, 1058],
       [ 601, 1062],
       [ 606, 1559],
       [ 606, 1815],
       [ 607, 1820],
       [ 609, 1557],
       [ 609, 1823],
       [ 613, 1197],
       [ 615, 1195],
       [ 619, 2116],
       [ 622, 2115],
       [ 633, 1078],
       [ 633, 1089],
       [ 633, 1522],
       [ 634, 1071],
       [ 634, 2170],
       [ 635, 1075],
       [ 635, 1284],
       [ 636, 1089],
       [ 637, 1080],
       [ 637, 1520],
       [ 638, 1653],
       [ 640, 1089],
       [ 642, 1082],
       [ 642, 1279],
       [ 643, 1087],
       [ 643, 1099],
       [ 643, 2107],
       [ 645, 1079],
       [ 645, 1484],
       [ 645, 2175],
       [ 646, 1095],
       [ 646, 1827],
       [ 647, 1093],
       [ 648, 1467],
       [ 649, 1461],
       [ 651, 1464],
       [ 653, 1093],
       [ 653, 1459],
       [ 655, 2460],
       [ 655, 2463],
       [ 656, 1067],
       [ 656, 2151],
       [ 658, 1063],
       [ 658, 1069],
       [ 659, 1060],
       [ 662, 1072],
       [ 663, 1075],
       [ 663, 1084],
       [ 665, 1070],
       [ 666, 1073],
       [ 666, 1078],
       [ 668, 2111],
       [ 668, 2441],
       [ 669, 2417],
       [ 671, 2436],
       [ 672, 1264],
       [ 672, 2121],
       [ 673, 2168],
       [ 676, 2405],
       [ 676, 2432],
       [ 678, 1090],
       [ 678, 2433],
       [ 679, 1101],
       [ 679, 2413],
       [ 681, 2133],
       [ 682, 1099],
       [ 686, 2138],
       [ 689, 2138],
       [ 691, 2118],
       [ 696, 2185],
       [ 697, 2183],
       [ 697, 2187],
       [ 697, 2205],
       [ 699, 2012],
       [ 700, 2205],
       [ 704, 2205],
       [ 707, 2020],
       [ 709, 2045],
       [ 711, 2077],
       [ 715, 2148],
       [ 718, 1149],
       [ 718, 1155],
       [ 719, 1130],
       [ 719, 2151],
       [ 721, 1135],
       [ 723, 1503],
       [ 724, 2192],
       [ 725, 1504],
       [ 727, 2573],
       [ 729, 1145],
       [ 730, 1148],
       [ 732, 2191],
       [ 733, 1342],
       [ 733, 1345],
       [ 734, 2191],
       [ 748, 1207],
       [ 751, 1200],
       [ 751, 2092],
       [ 752, 1196],
       [ 755, 2559],
       [ 755, 2564],
       [ 756, 1188],
       [ 758, 2570],
       [ 764, 2056],
       [ 766, 1171],
       [ 767, 1177],
       [ 767, 1201],
       [ 767, 1490],
       [ 768, 2117],
       [ 769, 1181],
       [ 769, 1211],
       [ 773, 1162],
       [ 774, 1171],
       [ 775, 1211],
       [ 775, 2565],
       [ 777, 1162],
       [ 779, 2162],
       [ 781, 1159],
       [ 781, 1170],
       [ 781, 2082],
       [ 782, 1165],
       [ 784, 2556],
       [ 785, 1162],
       [ 785, 1372],
       [ 787, 1163],
       [ 790, 1042],
       [ 790, 1048],
       [ 792, 1040],
       [ 796, 1999],
       [ 797, 2002],
       [ 798, 1034],
       [ 798, 1044],
       [ 798, 2227],
       [ 799, 1053],
       [ 806, 1046],
       [ 808, 1007],
       [ 809, 1021],
       [ 810, 1032],
       [ 810, 1181],
       [ 811, 1040],
       [ 813, 1022],
       [ 815, 1025],
       [ 816, 1021],
       [ 820, 1034],
       [ 821, 1031],
       [ 841, 1088],
       [ 841, 2084],
       [ 849, 1065],
       [ 849, 1071],
       [ 855,  916],
       [ 855, 1007],
       [ 856, 1594],
       [ 858, 1005],
       [ 860, 1996],
       [ 861, 1008],
       [ 862,  992],
       [ 862,  996],
       [ 863, 1081],
       [ 864,  991],
       [ 864,  995],
       [ 864, 1058],
       [ 865, 1008],
       [ 867,  994],
       [ 867, 1005],
       [ 867, 1256],
       [ 868, 2097],
       [ 869,  960],
       [ 869, 1077],
       [ 870,  941],
       [ 870,  949],
       [ 870,  954],
       [ 871,  958],
       [ 871, 2356],
       [ 874,  950],
       [ 874,  963],
       [ 874, 1073],
       [ 876,  932],
       [ 876,  944],
       [ 876,  969],
       [ 876,  982],
       [ 877,  949],
       [ 883, 1049],
       [ 883, 1088],
       [ 883, 2058],
       [ 884, 1019],
       [ 884, 1026],
       [ 888, 1026],
       [ 890, 1084],
       [ 892, 1074],
       [ 893,  999],
       [ 893, 1396],
       [ 893, 1491],
       [ 894,  991],
       [ 894,  995],
       [ 894, 1078],
       [ 895, 1019],
       [ 897, 1005],
       [ 897, 1061],
       [ 900, 1006],
       [ 900, 1011],
       [ 900, 1026],
       [ 900, 1071],
       [ 902, 1057],
       [ 902, 1395],
       [ 903,  971],
       [ 903, 1072],
       [ 903, 1411],
       [ 904,  968],
       [ 904,  990],
       [ 904,  993],
       [ 905,  995],
       [ 905,  999],
       [ 907, 1047],
       [ 907, 1996],
       [ 909, 1009],
       [ 910, 1007],
       [ 910, 1049],
       [ 912, 1001],
       [ 913,  994],
       [ 913, 1078],
       [ 915, 1426],
       [ 916, 1431],
       [ 937, 1449],
       [ 937, 1456],
       [ 946, 2181],
       [ 958, 2194],
       [ 976, 1587],
       [1004, 1667]])]